yawRef wrong:
316.818
1.7151e+31
1.79321e+35
4129060000000000.0
2715680000000.0
9069070000.0
20212100.0
58392.8
1.16518e+37
3.14789e+36
-5895.09
-1770760000000.0
-72981700000000.0
3770.3
27116.4
47348.8
-199249000000.0
1112110000.0
4.58942e+28
1.70047e+37
1.49534e+35
2.07545e+31
1.63295e+28
2.77477e+31
3.55578e+31
2.36001e+30
4.01785e+27
1.18386e+23
3714200000000000.0
14472300.0
4102280000000.0
-3.25164e+19
1.04314e+35
-3.60285e+16
-7.34722e+28
2.15313e+18
8.74524e+16
-4.91902e+33
-87356900.0
-512.762
1.42734e+20
2.65843e+36
2.80363e+37
4.15216e+21
6.38446e+24
2097150.0
1.66152e+35
2.31969e+36
2.01502e+31
3.11805e+35
7.94196e+22
34359600000.0
1.47573e+20
3.95e+22
4.1538e+34
9.29324e+23
7531.84
17274600000.0
25965200000.0
709.168
709.168
1489.69
137438000000.0
1.14643e+18
1.14643e+18
385382.0
6.04459e+23
95518500000.0
79057.5
151659000000000.0
yawRef wrong cnt:
70
pitchRef wrong:
-1.69477e+38
-1.69477e+38
-1.69477e+38
-1.69477e+38
-6.49029e+32
-134217000.0
-5.90294e+20
-1.70141e+38
-7.8858e+34
-1.61848e+16
-3.50585e+30
1.85884e+36
2.47587e+27
1.70139e+38
3.54177e+23
6.53575e+24
2.43719e+27
1.38271e+25
1.38271e+25
6.2806e+37
1.04777e+22
3.4001e+25
ptichRef wrong cnt:
22
yawFbd wrong:
316.818
1.7151e+31
1.79321e+35
4129060000000000.0
2715680000000.0
9069070000.0
20212100.0
58392.8
1.16518e+37
3.14789e+36
-5895.09
-1770760000000.0
-72981700000000.0
3770.3
27116.4
47348.8
-199249000000.0
1112110000.0
4.58942e+28
1.70047e+37
1.49534e+35
2.07545e+31
1.63295e+28
2.77477e+31
3.55578e+31
2.36001e+30
4.01785e+27
1.18386e+23
3714200000000000.0
14472400.0
4102280000000.0
-3.25164e+19
1.04314e+35
-3.60285e+16
-7.34722e+28
2.15313e+18
8.74524e+16
-4.91902e+33
-87356900.0
-512.762
1.42734e+20
2.65843e+36
2.80363e+37
4.15216e+21
6.38446e+24
2097150.0
1.66152e+35
2.31969e+36
2.01502e+31
3.11805e+35
7.94196e+22
34359600000.0
1.47573e+20
3.95e+22
4.1538e+34
9.29324e+23
7531.84
17274600000.0
25965200000.0
709.168
709.168
1550.52
137438000000.0
1.14643e+18
1.14643e+18
385382.0
6.04459e+23
95518500000.0
79057.5
151659000000000.0
yawFbd wrong cnt:
70
pitchFbd wrong:
-1.69477e+38
-6.49029e+32
-134217000.0
-5.90294e+20
-1.70141e+38
-7.8858e+34
-1.61848e+16
-3.50585e+30
1.85884e+36
2.47587e+27
1.70139e+38
3.54177e+23
6.53575e+24
2.43719e+27
1.38271e+25
1.38271e+25
6.2806e+37
1.04777e+22
3.4001e+25
pitchFbd wrong cnt:
19